# id	left	top	right	bottom	texture_id
[SPRITES]
#### WALK ####
#WALKING_LEFT
191000	32	170	49	195	30
191100	56	170	73	195	30

#WALKING_RIGHT
192000	203	230	221	255	30
192100	229	230	246	255	30


#### THROW ####
#THROW_LEFT
193000	80	170	97	195	30
193100	104	170	120	195	30

#THROW_RIGHT
194000	254	230	271	255	30
194100	280	230	297	255	30

# ani_id	sprite1_id	time1	sprite2_id	time2	...
[ANIMATIONS]
31001	191000	100	191100	100
31002	192000	100	192100	100
31003	193000	100	193100	100
31004	194000	100	194100	100