# id	left	top	right	bottom	texture_id
[SPRITES]
#####  BIG ###############
#IDLE
11121	241	633	264	662	0
11111	180	633	203	662	0

#WALKING RIGHT
11222	271	633	294	662	0
11223	301	633	324	662	0

#WALKING LEFT
11212	151	633	174	662	0
11213	121	633	144	662	0

#RUNNING RIGHT
11321	330	633	355	662	0
11322	360	633	385	662	0
11323	391	633	414	662	0

#RUNNING LEFT
11311	90	633	115	662	0
11312	59	633	84	662	0
11313	30	633	53	662	0

#####################################
#JUMP WALK RIGHT & LEFT
11417	390	752	415	781	0
11413	29	752	54	781	0

#JUMP RUN RIGHT & LEFT
11427	394	195	413	222	0
11423	35	195	52	222	0

#####################################


#SIT RIGHT & LEFT 
11521	391	676	414	697	0
11511	30	676	53	697	0

#BRACE RIGHT & LEFT 
11621	424	632	441	663	0	
11611	4	632	21	663	0

#KICK LEFT & RIGHT 
11701	0	753	24	782	0
11702	421	753	444	782	0

#HOLD SHELL LEFT 
11801	181	793	204	822	0
11802	151	793	174	822	0
11803	120	793	14	822	0
	
#HOLD SHELL RIGHT
11811	240	793	264	822	0	
11812	270	793	294	822	0	
11813	301	793	324	822	0