# list of object assets to load in this scene
[ASSETS]
ground.txt
mario.txt
brick.txt
coin.txt
goomba.txt
cloud.txt
bush.txt
orange_block.txt
blue_block.txt
green_block.txt
white_block.txt
block_shadow.txt
pipe.txt
fire_piranha.txt
FireBullet.txt
Koopas.txt
cloud_new.txt
mario_with_tail.txt
luckyblock.txt
#
[OBJECTS]
# type	x	y	extra_settings per object type
# type: 0 = Mario , 1 = Brick, 2 = Goomba, 3 = Koopas , 6 = Decoration
# See OBJECT_TYPE constants in AssetIDs.h
#Decoration	
6	25	178	3	0	0	0	-16	0	-32	73000	73000	71000
6	41	178	4	0	0	0	-16	0	-32	0	-48	77000	76000	75000	71000
6	57	178	4	0	0	0	-16	0	-32	0	-48	77000	75000	74000	72000
6	73	178	3	0	0	0	-16	0	-32	77000	77000	71000
6	89	178	3	0	0	0	-16	0	-32	76000	74000	72000
6	105	178	3	0	0	0	-16	0	-32	75000	73000	71000
6	121	178	3	0	0	0	-16	0	-32	77000	76000	72000
6	137	178	2	0	0	0	-16	74000	72000
6	180	178	3	0	0	16	0	32	0	78000	78000	78000
6	150	50	1	0	0	162000
6	350	40	1	0	0	161000

#Platform
5	8	194	16	15	43	61000	62000	63000
5	696	178	16	15	30	61000	62000	63000	
5	696	194	16	16	30	64000	65000	66000	

#Block
#blue
7	292	178	5	16	16	5	0	0	0	-16	0	-32	0	-48	0	-64	97000	94000	94000	94000	91000
7	308	178	5	16	16	5	0	0	0	-16	0	-32	0	-48	0	-64	98000	95000	95000	95000	92000
7	324	178	5	16	16	5	0	0	0	-16	0	-32	0	-48	0	-64	99000	96000	96000	96000	93000
#white
7	568	178	7	16	16	7	0	0	0	-16	0	-32	0	-48	0	-64	0	-80	0	-96	157000	154000	154000	154000	154000	154000	151000
7	584	178	7	16	16	7	0	0	0	-16	0	-32	0	-48	0	-64	0	-80	0	-96	158000	155000	155000	155000	155000	155000	152000
7	600	178	7	16	16	7	0	0	0	-16	0	-32	0	-48	0	-64	0	-80	0	-96	158000	155000	155000	155000	155000	155000	152000
7	616	178	7	16	16	7	0	0	0	-16	0	-32	0	-48	0	-64	0	-80	0	-96	159000	156000	156000	156000	156000	156000	153000

#orange
7	260	178	3	16	16	3	0	0	0	-16	0	-32	87000	84000	81000
7	276	178	3	16	16	3	0	0	0	-16	0	-32	88000	85000	82000
7	292	178	3	16	16	3	0	0	0	-16	0	-32	89000	86000	83000

7	504	178	5	16	16	5	0	0	0	-16	0	-32	0	-48	0	-64	87000	84000	84000	84000	81000
7	520	178	5	16	16	5	0	0	0	-16	0	-32	0	-48	0	-64	88000	85000	85000	85000	82000
7	536	178	5	16	16	5	0	0	0	-16	0	-32	0	-48	0	-64	88000	85000	85000	85000	82000
7	552	178	5	16	16	5	0	0	0	-16	0	-32	0	-48	0	-64	88000	85000	85000	85000	82000
7	568	178	5	16	16	5	0	0	0	-16	0	-32	0	-48	0	-64	89000	86000	86000	86000	83000


#green
7	424	178	3	16	16	3	0	0	0	-16	0	-32	147000	144000	141000
7	440	178	3	16	16	3	0	0	0	-16	0	-32	148000	145000	142000
7	456	178	3	16	16	3	0	0	0	-16	0	-32	148000	145000	142000
7	472	178	3	16	16	3	0	0	0	-16	0	-32	148000	145000	142000
7	488	178	3	16	16	3	0	0	0	-16	0	-32	148000	145000	142000
7	504	178	3	16	16	3	0	0	0	-16	0	-32	149000	146000	143000

7	568	178	2	16	16	2	0	0	0	-16	147000	141000
7	584	178	2	16	16	2	0	0	0	-16	148000	142000
7	600	178	2	16	16	2	0	0	0	-16	148000	142000
7	616	178	2	16	16	2	0	0	0	-16	148000	142000
7	632	178	2	16	16	2	0	0	0	-16	148000	142000
7	648	178	2	16	16	2	0	0	0	-16	148000	142000
7	664	178	2	16	16	2	0	0	0	-16	149000	143000




#Block_Shadow
6	304	182	5	0	0	0	-8	0	-16	0	-24	0	-32	103000	102000	102000	102000	101000
6	336	182	9	0	0	0	-8	0	-16	0	-24	0	-32	0	-40	0	-48	0	-56	0	-64	103000	102000	102000	102000	102000	102000	102000	102000	101000
6	516	182	5	0	0	0	-8	0	-16	0	-24	0	-32	103000	102000	102000	102000	101000
6	580	182	5	0	-32	0	-40	0	-48	0	-56	0	-64	103000	102000	102000	102000	101000
6	628	150	9	0	0	0	-8	0	-16	0	-24	0	-32	0	-40	0	-48	0	-56	0	-64	103000	102000	102000	102000	102000	102000	102000	102000	101000
6	676	182	3	0	0	0	-8	0	-16	103000	102000	101000
#FIRE_PIRANHA
9	378	155

#LUCKY_BLOCK
-1	200	130	2
-1	216	130	2
-1	248	90	2
-1	264	90	1

#Pipe
8	370	178	3	16	16	3	0	0	0	-16	0	-32	113000	113000	111000
8	386	178	3	16	16	3	0	0	0	-16	0	-32	114000	114000	112000



#Mario
0	600	10


